image_width: 640
image_height: 480
camera_name: narrow_stereo
camera_matrix:
  rows: 3
  cols: 3
  data: [748.084516, 0.000000, 335.460764, 0.000000, 744.308178, 271.980591, 0.000000, 0.000000, 1.000000]
distortion_model: plumb_bob
distortion_coefficients:
  rows: 1
  cols: 5
  data: [-0.163764, 0.238680, 0.008366, -0.001219, 0.000000]
rectification_matrix:
  rows: 3
  cols: 3
  data: [1.000000, 0.000000, 0.000000, 0.000000, 1.000000, 0.000000, 0.000000, 0.000000, 1.000000]
projection_matrix:
  rows: 3
  cols: 4
  data: [731.000305, 0.000000, 334.759343, 0.000000, 0.000000, 729.547058, 274.211627, 0.000000, 0.000000, 0.000000, 1.000000, 0.000000]
