image_width: 640
image_height: 480
camera_name: narrow_stereo
camera_matrix:
  rows: 3
  cols: 3
  data: [562.757007, 0.000000, 379.700074, 0.000000, 563.202864, 209.888638, 0.000000, 0.000000, 1.000000]
distortion_model: plumb_bob
distortion_coefficients:
  rows: 1
  cols: 5
  data: [-0.157626, -0.009820, -0.001657, -0.007332, 0.000000]
rectification_matrix:
  rows: 3
  cols: 3
  data: [1.000000, 0.000000, 0.000000, 0.000000, 1.000000, 0.000000, 0.000000, 0.000000, 1.000000]
projection_matrix:
  rows: 3
  cols: 4
  data: [527.292053, 0.000000, 382.569204, 0.000000, 0.000000, 543.081055, 206.815305, 0.000000, 0.000000, 0.000000, 1.000000, 0.000000]
