# oST version 5.0 parameters


[image]

width
640

height
480

[narrow_stereo]

camera matrix
562.757007 0.000000 379.700074
0.000000 563.202864 209.888638
0.000000 0.000000 1.000000

distortion
-0.157626 -0.009820 -0.001657 -0.007332 0.000000

rectification
1.000000 0.000000 0.000000
0.000000 1.000000 0.000000
0.000000 0.000000 1.000000

projection
527.292053 0.000000 382.569204 0.000000
0.000000 543.081055 206.815305 0.000000
0.000000 0.000000 1.000000 0.000000

