image: myroom_cartographer.pgm
resolution: 0.050000
origin: [-6.494218, -5.111068, 0.000000]
negate: 0
occupied_thresh: 0.65
free_thresh: 0.196

